1921
2306
5596
5386
8898
9892
29
5694
9280
9245
982
2731
1901
8865
8044
3787
4826
4658
6640
3117
3630
890
7073
4325
7647
1796
9202
1356
8668
3928
774
8149
5821
7841
4951
1054
4114
189
5077
815
2553
6000
7484
1138
1419
3141
3567
6702
3541
5107
1681
4514
7717
5943
514
2939
4714
132
6326
3986
2974
6995
5137
8181
3376
7624
5711
3616
6361
5300
5184
1864
4209
1121
8688
5108
2186
4797
5909
6856
7769
1749
3138
4623
6565
4925
648
980
7720
7866
8731
9325
2642
7629
5955
6069
5549
6620
937
6661
8188
1358
9681
3630
2940
178
648
9701
8876
6972
8002
3643
8857
3278
9158
2792
2738
751
4438
7028
9003
5723
2806
5921
2972
9063
9405
5193
6729
1183
4505
303
6061
1710
525
2548
5311
9496
1878
8921
4567
9079
6539
6748
8570
9457
418
2769
7504
6370
8768
6094
6903
3659
3992
771
1664
711
741
900
3672
822
1427
1524
5617
7032
1911
1232
398
7063
1422
5557
9790
1
259
9694
7503
9025
3850
9982
7124
8009
4314
4535
9553
1966
1528
4805
483
1376
4558
6667
4380
469
6106
2967
2812
1825
211
4691
9132
2995
4902
411
3076
9551
4702
1303
1773
4564
6290
9140
4320
2201
2281
8515
4156
2969
8424
4093
9063
7991
5964
7313
4284
624
3875
1212
99
9244
3093
2788
7086
2448
9296
6401
3615
4
913
7128
9543
3308
3134
2214
9081
2053
6896
4069
2509
9597
2990
1406
2001
7231
1204
3115
3290
8826
6946
7975
8376
3262
6129
4373
7367
2546
6657
2986
7154
4948
3310
3400
3122
6686
3265
263
9108
5281
3475
6130
8360
2673
4652
5260
9845
8061
2009
6381
7306
9129
939
6317
4912
3626
3308
2123
4252
1885
1149
1818
4960
100
6923
2697
3601
2286
8177
5645
659
4322
358
1166
8432
600
1318
9451
4312
2564
3871
682
6177
8304
2994
5184
5280
36
3145
953
6928
9461
5832
7189
623
6023
7564
5776
9305
4416
9936
4540
9739
3611
8302
5820
4217
3174
1986
7231
1996
5944
5338
5383
5139
9922
8698
1670
6666
881
9517
9012
2216
6989
7365
3232
1666
5394
1235
6080
8541
8040
770
9734
4753
8001
6446
2001
1081
3214
6290
3277
2182
2110
2991
936
9987
837
5192
4434
1556
9428
7274
1184
3623
2667
3290
6861
4413
8648
6486
5806
626
490
2317
4672
6791
5767
5738
9857
8257
8790
3899
4887
5979
6537
8513
9473
7526
4459
256
7416
2784
930
3526
3409
450
9953
5209
1938
8388
4173
8824
5598
4171
74
131
3295
9379
8033
6231
6127
2391
1376
7201
9091
6845
2014
4020
2517
1615
5625
9462
1196
4500
1646
1812
5994
397
8740
4678
9170
4651
1350
5246
8499
1629
6107
6105
1014
7863
1972
3592
6864
3855
7313
4648
7220
6913
3552
5837
6824
4499
2259
3902
50
4370
8909
5593
4912
8571
1673
1351
4529
4742
7318
9066
7538
4748
8675
611
8776
3673
9475
5025
5527
252
6141
9412
7150
7404
9699
7599
4512
4549
5789
1259
6655
3584
1218
40
9254
9184
9074
9230
8947
1673
2002
7570
2159
59
6980
4437
9340
9980
9603
8870
8154
8115
8584
7624
8549
8608
316
6142
6719
3066
3899
6770
7077
9984
8433
7861
6929
5409
2676
7072
6396
2472
5917
2666
2749
4206
1076
4914
963
5875
8391
4556
8363
1783
2358
8281
1198
1139
8175
5086
6281
6421
273
6455
586
4280
1183
7764
4501
978
7139
7713
3248
4535
8123
7188
6849
8490
9477
7376
7906
196
3251
3526
510
6013
3979
155
8075
5799
8654
4724
6516
5627
7491
1181
3521
9515
4831
2490
3509
1830
4835
8021
3444
1770
3313
3142
9679
547
4748
8097
2126
3858
4732
9576
2552
5641
5563
6593
3410
4850
559
9603
898
3823
2324
3130
7854
3613
901
5018
8230
2210
9367
1296
4811
1845
4451
2067
6474
7820
9437
5145
7049
5360
5701
2055
5293
1806
5050
4625
7382
9063
1510
8895
615
8486
5258
6480
5702
4241
4822
4216
732
9865
4117
5829
249
8508
1843
7343
4551
3834
2684
7198
1737
1284
2355
1046
401
1584
4123
1133
8363
6169
5270
3389
8553
4388
3223
6164
5819
6749
4774
6904
9386
3935
9647
1321
6546
9859
5063
383
3530
6128
4605
8498
3473
2657
1705
1897
8455
1348
8484
506
2757
638
4595
5391
6554
8444
4673
2602
9571
9828
6983
5711
8069
58
8715
8752
8058
494
7651
6054
5286
2403
1220
4363
2501
6315
2779
9972
7652
1901
2423
9355
8856
249
7778
9724
1822
1666
7994
9909
2656
1674
1872
5232
3537
43
2027
1757
9653
3377
74
2936
3008
6694
7157
1066
1674
1189
5246
7324
8763
8976
4682
4598
8169
3053
6246
3157
4843
8539
7671
4683
4424
5507
5954
2912
8897
7833
789
4166
1128
2881
7360
922
5388
5390
7139
5462
6354
9589
1622
5124
9937
4689
4959
4957
9002
8432
5859
3056
8194
7147
2844
3662
2942
5714
4595
241
6074
6374
683
9037
7110
4720
4986
8239
3565
7870
660
8850
995
8942
2437
1664
5050
4355
8187
3941
7521
9477
5486
7168
7834
5653
4557
4803
4006
9709
3910
7609
9088
2662
8306
6567
4787
7187
2955
411
7800
9819
7322
4225
7856
5700
2289
4229
10
4267
3922
5426
5521
2176
7642
5449
5269
605
4462
7101
7797
3927
8368
8651
4438
6286
9854
5384
3603
9151
9207
2162
2305
7384
9835
1560
4284
7947
606
3013
9908
7532
8088
1528
398
5925
8172
4799
9496
7945
1395
8418
6637
6612
116
8252
1233
7201
8611
5411
5354
8534
2035
441
8859
5898
377
1739
4718
167
7887
3382
5068
3578
4305
8618
4412
9896
4215
4887
6999
7594
2928
292
8644
5560
9415
862
8677
6068
2933
9533
2732
269
8178
9443
475
3093
2985
6765
9479
6716
2072
1932
3352
4907
4865
4685
9792
5324
4176
1476
7989
6166
2088
7928
8013
6295
4220
1655
6821
4635
7495
6826
6382
2841
8169
9460
8436
5932
2703
4164
1132
5566
7678
8313
7706
4672
2363
3893
5020
3655
7610
3546
9767
673
8241
2
2828
1558
7095
1643
2790
3273
4223
126
9586
8076
9115
6912
1019
8291
4527
4818
9266
7233
6004
5331
2807
6112
4373
8022
6022
3308
6297
9806
9024
6574
7597
9045
5989
2167
3165
7388
4043
1394
8239
3277
1342
348
6621
1724
6660
6847
9117
5948
9308
8442
9870
6558
3170
92
7953
9571
4881
5951
5234
1571
5862
2370
3297
9767
4604
9199
8097
7392
7930
7595
6205
6362
1653
8075
1314
6827
1507
5108
4653
1174
717
1915
9425
5052
5888
3563
4629
7282
4401
7748
1976
2461
3914
4881
8898
1722
6966
6594
4424
2250
1924
7272
5211
7914
747
3823
8286
7841
3179
1877
9922
8419
6379
3609
5313
1363
8485
9775
7651
485
8314
6464
6975
6225
9619
1885
4946
7091
2581
7780
597
5951
3808
9148
5822
4161
4980
4811
4662
163
3505
8935
6386
9497
2314
6072
1840
870
5860
2108
5392
1409
2865
2725
5788
433
4755
6525
6262
3749
2495
2857
8381
9185
3472
908
5674
8899
6661
2962
6429
5412
3816
7613
8768
234
6828
3836
340
3929
8834
615
5136
6313
6744
3368
6867
7491
1775
2579
4194
742
8071
2374
2978
2854
2777
5755
7220
4996
6912
6314
824
9880
8277
939
2607
6746
8102
3050
9825
7249
5299
3107
3943
3635
4165
3533
3927
443
3354
1507
9450
3512
1137
3549
6091
9938
8926
5245
622
983
1643
7126
3258
9508
2604
6567
596
6031
5805
5028
2298
4545
4858
8837
8025
7313
5467
3672
3900
9051
3785
5906
6385
8016
1521
6739
6169
2151
6709
9400
6204
225
1369
2297
6279
8746
3393
6082
8451
812
2900
8511
5363
1821
3372
5905
6490
9016
5325
5181
9462
5017
9184
5540
4221
1762
9596
9757
3490
3083
4383
382
2052
3414
4142
7913
4836
9600
2967
4291
9569
1412
9727
7728
8673
297
1805
3146
6430
9068
9442
4593
2682
5704
7651
5324
529
5617
9044
8909
7834
2593
2899
8051
8457
8106
5166
3129
9924
2666
6594
2044
1104
6476
1922
6457
3079
9370
5920
4677
360
3696
9771
1926
3116
781
2837
7646
9888
8899
6399
8585
4628
3917
3219
844
2926
1584
1150
7373
7724
5642
5224
5521
4245
6119
4129
7776
9034
8979
9466
7157
670
4506
9997
5713
4318
3466
1114
9344
6703
3338
6208
3219
5588
7572
7236
1228
1225
2653
7008
7017
6991
9382
5179
823
8611
2171
2273
6279
4989
2137
1727
2542
5346
4268
6845
5831
7639
4949
2152
5843
3059
3163
3915
3217
4047
5257
6537
2024
732
9461
9882
9696
4769
4929
3248
417
32
9898
5140
2340
3284
9438
450
7077
6250
7771
1630
298
1592
3282
257
8077
6270
2170
7204
4069
3960
6784
2055
2707
4301
716
3743
4584
4823
9984
7098
6788
3263
473
7232
3305
500
6568
6312
2126
2312
8858
6708
2592
407
4499
202
2914
5125
1498
3039
2261
4547
7262
882
2930
7502
5766
2259
3012
6276
9061
8254
1588
4435
3036
3752
7804
9888
2842
6533
428
2449
5359
1347
219
1672
6590
1926
6357
6636
2512
2353
6131
9429
3398
1950
3321
9892
7126
8474
8696
1325
3078
5808
100
4930
7623
1328
7679
5565
5449
6380
6900
4473
4668
7903
2864
6926
8134
7834
1211
4311
3217
3260
9877
8689
5596
638
795
7907
5521
2056
9256
1269
9927
5523
5800
9438
5806
9116
6808
6894
2967
1458
2025
884
4518
1884
2740
3117
2752
8154
1159
5050
9646
854
1694
7324
3892
8854
5612
831
1835
4994
7208
3504
3530
4140
2933
860
7604
2801
9434
5575
3642
7194
3568
9718
3585
4207
9914
3353
6334
8889
8366
9449
9982
7410
6817
1081
2131
5676
3890
1100
4408
2154
2380
483
4837
3663
6479
8577
2590
2753
9720
2925
9286
7225
2637
1459
2561
5579
2677
5816
8198
8652
6548
5191
7283
2820
8228
9629
7996
9810
4686
509
5947
6774
2856
7745
3051
8143
1081
6255
7136
6850
1896
803
7581
739
9827
6414
1545
8483
5467
6427
1500
4567
5804
3850
3059
848
7914
7115
3043
44
8774
6984
1194
1625
49
2159
4336
7617
9944
5739
2333
1911
1613
4494
7317
3308
5846
1805
2494
2109
1006
760
4738
7869
218
8196
6752
2091
6614
55
348
3744
5630
1024
2439
1463
2297
1936
6169
1017
4703
3177
8875
3572
4123
6529
3777
6679
9387
9314
564
1357
8244
6866
4414
467
5331
4555
9710
743
8590
8966
5932
7920
4937
2584
7559
8452
837
6857
9161
7994
6083
9468
3548
4653
4742
6112
1653
2057
6773
4115
9695
5141
7088
5454
1475
6605
2026
6609
8723
5498
2293
971
4022
2000
780
9525
6845
7109
8761
1212
9940
9721
9991
9306
3637
9382
6945
5840
6358
2341
2505
4482
8034
1482
7174
7471
5269
9134
8532
7083
4033
5191
2287
2507
686
9526
3050
3788
5999
9388
6937
5072
8927
8602
5472
9942
8345
1396
50
6725
5431
560
2523
3700
8419
7297
6265
7273
1289
4539
6949
8989
5981
1154
3552
9353
8601
4244
3432
7247
4271
7535
2922
6502
1741
1552
2561
435
1774
6777
876
2401
236
1854
126
7966
6932
509
6207
6593
1010
2567
6128
7451
2475
6207
8796
5945
186
7022
4953
9891
4178
5313
5886
7525
1858
7600
7407
8743
6566
1819
9587
3402
586
3411
7319
6706
1113
9570
4859
699
7284
3672
842
4745